1 5 40
1599
59.839725494384766
1081 1072 77 1070 1087 1130 75 1262 1309 1132 73 1266 1351 1134 71 1364 1359 1136 69 1366 1471 1138 67 1416 1501 1140 65 1532 1571 1142 63 1538 1153 1144 61 1160 1151 1146 59 1162 
78 1069 1082 1079 76 1261 1274 1131 74 1265 1312 1133 72 1363 1358 1135 70 1365 1422 1137 68 1415 1474 1139 66 1533 1508 1141 64 1597 1572 1143 62 1539 1152 1145 60 1161 1150 1147 
1073 1080 1071 1086 1129 1088 1263 1308 1275 1310 1267 1350 1315 1352 1345 1362 1409 1360 1367 1470 1423 1472 1417 1500 1509 1502 1531 1570 1535 1592 1537 1598 1573 1154 1547 1540 1159 1148 1163 58 
1068 79 1078 1083 1260 1273 1256 1271 1264 1313 1316 1311 1346 1357 1348 1355 1368 1421 1408 1419 1414 1475 1468 1473 1530 1507 1534 1503 1596 1569 1600 1589 1548 1585 1574 1155 1546 1541 1158 1149 
1 1074 1085 1128 1089 1126 1259 1276 1307 1268 1341 1314 1349 1344 1353 1406 1361 1410 1373 1424 1469 1418 1499 1476 1497 1510 1567 1528 1591 1536 1593 1578 1599 1580 1545 1584 1575 1156 57 1164 
80 1067 724 1077 1084 1257 1272 1255 1270 1277 1306 1317 1342 1347 1356 1369 1354 1407 1420 1413 1446 1425 1444 1467 1506 1529 1504 1519 1568 1595 1590 1549 1588 1577 1586 1559 1544 1555 1542 1157 
723 2 1075 1066 1127 1090 1125 1258 1219 1254 1269 1340 1305 1320 1343 1338 1405 1372 1411 1374 1403 1442 1447 1498 1477 1496 1511 1566 1527 1520 1563 1594 1579 1550 1581 1576 1583 1558 1165 56 
730 81 840 725 1076 1065 1220 1091 1124 1223 1278 1253 1318 1339 1304 1321 1370 1337 1404 1401 1412 1445 1426 1443 1466 1505 1478 1495 1518 1565 1526 1521 1562 1587 1560 1523 1554 1543 1556 1489 
3 722 729 834 841 1052 837 1064 1221 1218 1123 1224 1279 1252 1319 1282 1303 1322 1371 1336 1375 1402 1441 1448 1427 1438 1465 1512 1479 1494 1517 1564 1525 1522 1551 1582 1557 1490 55 1166 
82 731 726 839 728 835 842 1053 1092 1063 1222 1217 1122 1225 1280 1251 1230 1283 1302 1323 1400 1335 1376 1397 1440 1449 1428 1437 1464 1513 1480 1493 1516 1561 1524 1491 1458 1553 1488 1485 
721 4 719 732 833 838 1051 836 947 1054 1093 1062 1057 1216 1121 1228 1281 1250 1231 1284 1301 1324 1399 1334 1377 1396 1439 1450 1429 1436 1463 1514 1481 1492 1459 1552 1487 1484 1167 54 
644 83 736 727 768 733 832 843 1050 999 1058 1055 1094 1061 1226 1215 1120 1229 1212 1249 1232 1285 1300 1325 1398 1333 1378 1395 1330 1451 1430 1435 1462 1515 1482 1433 1460 1457 1486 1389 
5 720 645 718 735 828 767 948 831 946 1049 1000 1059 1056 1095 1046 1227 1214 1119 1198 1211 1248 1233 1286 1299 1326 1289 1332 1379 1394 1329 1452 1431 1434 1461 1456 1483 1390 53 1168 
84 643 600 737 646 769 734 829 844 949 998 945 1048 1001 1060 995 1096 1045 1032 1213 1118 1199 1210 1247 1234 1287 1298 1327 1290 1331 1380 1393 1292 1453 1432 1391 1188 1455 1388 1385 
599 6 647 642 717 766 827 770 879 830 943 950 997 994 1047 1002 1033 968 1097 1044 1197 1100 1117 1200 1209 1246 1235 1288 1297 1328 1291 1294 1381 1392 1187 1454 1387 1384 1169 52 
640 85 716 601 738 649 772 765 826 845 880 993 944 951 996 991 954 1003 1034 1031 1098 1043 1196 1101 1116 1201 1208 1245 1236 1205 1296 1243 1240 1293 1382 1189 1182 1175 1386 1177 
7 598 641 648 715 712 739 800 771 878 825 942 881 992 939 952 969 990 967 1004 1035 1030 1099 1042 1195 1102 1115 1202 1207 1244 1237 1204 1295 1242 1239 1186 1383 1178 51 1170 
86 639 532 713 602 637 650 773 764 801 846 877 824 941 882 955 938 953 970 989 966 1005 1036 1029 1008 1041 1194 1103 1114 1203 1206 1241 1238 1185 1190 1181 1174 1183 1176 915 
531 8 597 638 589 714 711 740 799 774 763 802 847 876 823 940 883 956 937 886 971 988 965 1006 1037 1028 1009 1040 1193 1104 1113 1022 1191 1110 1173 1184 1179 916 1171 50 
454 87 550 533 596 603 636 651 710 741 798 775 762 803 848 875 822 887 884 957 936 889 972 987 964 1007 1038 1027 1010 981 1192 1105 1112 1021 1180 1109 1172 1019 914 917 
9 530 455 590 551 588 595 604 635 652 709 742 797 776 761 804 849 874 821 888 885 958 935 890 973 986 963 976 1039 1026 1011 980 1023 1106 1111 1020 925 1108 49 1016 
88 453 212 549 534 591 552 587 594 605 634 653 708 743 796 777 760 805 850 873 820 853 870 959 934 891 974 985 962 977 982 1025 1012 979 924 1107 1018 1015 918 913 
211 10 529 456 503 548 535 592 553 586 545 606 633 654 707 744 795 778 759 806 851 872 819 854 869 960 933 892 975 984 895 978 923 1024 1013 926 921 910 1017 48 
292 89 452 213 528 457 504 547 538 593 554 585 544 607 632 655 706 745 794 779 758 807 852 871 818 855 868 961 932 893 898 983 930 927 922 909 1014 919 912 903 
11 210 293 346 451 502 527 536 505 546 539 524 555 584 543 608 631 656 705 746 793 780 757 808 791 782 817 856 867 896 931 894 899 906 929 920 911 904 47 684 
90 291 214 275 294 347 458 501 526 537 506 499 540 523 556 583 542 609 630 657 704 747 792 781 756 809 790 783 816 857 866 897 928 863 900 905 908 685 902 675 
209 12 207 290 345 450 295 348 459 500 525 462 507 498 541 522 557 582 519 610 629 658 703 748 661 700 755 810 789 784 815 858 865 786 907 862 901 676 683 46 
188 91 276 215 274 289 344 449 296 349 460 447 372 463 508 497 466 521 558 581 518 611 628 659 702 749 662 699 754 811 788 785 814 859 864 695 686 861 674 677 
13 208 189 206 277 268 273 288 343 448 371 350 461 446 373 464 509 496 467 520 559 580 517 612 627 660 701 750 663 698 753 812 787 696 687 860 693 682 45 672 
92 187 194 269 216 203 278 297 272 287 342 331 370 351 340 445 374 465 510 495 468 513 560 579 516 613 626 577 616 751 664 697 690 813 694 667 688 673 678 425 
193 14 205 190 195 270 267 262 279 298 265 286 341 332 369 352 339 444 375 394 511 494 469 514 561 578 491 614 625 576 617 752 665 622 689 692 681 426 671 44 
186 93 192 135 204 217 202 271 266 263 280 299 330 283 306 333 368 353 336 443 376 395 512 493 470 515 562 475 490 615 624 575 618 691 666 621 668 679 424 427 
15 136 183 196 191 142 261 218 201 258 285 264 281 300 329 338 307 334 367 354 393 442 377 396 439 492 471 436 563 476 489 566 623 574 619 680 569 484 43 670 
94 185 134 141 182 197 180 157 260 219 200 257 284 235 282 305 328 337 308 335 366 355 392 441 472 397 438 477 474 435 564 411 488 567 570 573 620 669 428 423 
133 16 137 184 119 140 143 198 179 160 259 220 165 256 301 238 253 304 327 356 311 324 365 378 391 440 473 398 437 478 401 434 565 572 487 568 483 420 485 42 
110 95 132 115 138 181 156 161 158 199 178 163 236 221 234 255 302 239 252 309 326 357 312 323 364 379 390 321 402 399 412 479 410 433 482 571 486 429 422 419 
17 116 111 120 131 118 139 144 155 162 159 166 177 164 237 222 233 254 303 240 251 310 325 358 313 322 363 380 389 320 403 400 413 480 409 432 421 418 41 430 
96 109 98 117 114 121 130 103 124 145 154 127 148 167 176 151 170 223 232 173 226 241 250 229 244 359 314 247 362 381 388 317 404 385 414 481 408 431 38 417 
99 18 107 112 101 20 105 122 129 22 125 146 153 24 149 168 175 26 171 224 231 28 227 242 249 30 245 360 315 32 319 382 387 34 405 384 415 36 407 40 
108 97 100 19 106 113 102 21 104 123 128 23 126 147 152 25 150 169 174 27 172 225 230 29 228 243 248 31 246 361 316 33 318 383 386 35 406 39 416 37 
