1 5 25
624
35.09664535522461
89 48 87 280 91 46 411 282 541 44 571 284 595 42 593 286 597 40 625 288 297 38 299 290 295 
86 51 90 47 410 281 490 45 492 283 542 43 572 285 596 41 610 287 598 39 618 289 296 37 300 
49 88 279 92 437 412 481 444 489 540 493 570 565 594 573 592 599 622 617 624 601 298 615 294 291 
52 85 50 409 414 445 438 491 482 543 564 539 494 585 568 609 574 611 600 621 616 619 292 301 36 
1 278 93 436 95 480 413 488 443 486 495 546 569 566 575 586 591 606 623 612 589 602 303 614 293 
84 53 96 415 408 439 446 483 478 533 544 563 538 547 584 567 608 587 590 605 620 613 580 35 302 
97 2 277 94 435 416 479 442 487 496 485 534 545 562 537 576 583 560 607 588 581 554 603 304 369 
54 83 402 99 418 407 440 447 484 477 532 519 506 535 548 561 526 577 582 559 604 579 370 555 34 
3 98 55 276 403 434 417 476 441 460 497 474 531 520 525 536 549 558 523 578 553 556 513 368 305 
56 183 82 401 100 419 406 433 448 475 472 507 518 505 530 521 524 527 550 557 514 371 552 33 366 
81 4 101 184 275 404 429 420 461 432 459 498 473 508 517 504 529 522 515 372 551 512 367 306 355 
102 57 182 79 400 257 396 405 430 449 462 471 454 499 468 509 516 503 528 511 360 373 354 365 32 
5 80 103 256 185 274 399 428 421 458 431 450 463 470 455 500 467 510 381 502 353 364 325 356 307 
58 171 78 181 104 397 258 395 388 427 422 457 386 453 464 469 382 501 466 361 374 359 344 31 324 
77 6 105 172 255 186 273 398 423 392 387 426 451 456 385 350 465 380 383 352 363 326 357 308 343 
106 59 170 75 180 173 394 259 272 389 424 391 334 349 452 379 384 351 362 375 358 345 340 323 30 
7 76 107 174 169 254 187 224 393 260 333 270 425 378 335 348 317 376 337 346 339 322 327 342 309 
60 125 74 167 108 179 190 253 232 271 390 261 332 269 264 377 336 347 316 321 328 341 312 29 154 
73 8 109 126 175 168 225 188 223 252 233 230 265 262 331 268 315 318 329 338 313 242 155 310 145 
110 61 124 71 166 189 178 191 226 231 222 251 234 229 266 263 330 237 314 245 320 311 146 153 28 
9 72 111 118 127 176 165 196 211 216 227 214 221 250 235 206 267 246 319 202 241 156 243 144 147 
62 117 70 123 112 119 128 177 192 197 212 217 228 199 220 249 236 201 238 247 244 139 148 27 152 
69 10 113 116 65 122 131 164 195 210 215 198 213 218 207 200 205 248 203 140 157 240 151 24 143 
114 63 12 67 120 129 14 193 132 163 16 209 134 161 18 219 136 159 20 239 138 141 22 149 26 
11 68 115 64 13 66 121 130 15 194 133 162 17 208 135 160 19 204 137 158 21 150 25 142 23 
