1 1 40
1599
28.922080993652344
1 4 933 1166 941 6 939 1230 943 8 1275 1386 945 10 1407 1394 947 12 1405 1414 949 14 1511 1530 951 16 1491 1514 953 18 1493 1590 955 20 1563 1594 957 22 961 1566 
932 1091 2 5 938 1167 942 7 1274 1255 944 9 1396 1385 946 11 1406 1415 948 13 1412 1523 950 15 1512 1529 952 17 1492 1583 954 19 1562 1589 956 21 1564 1567 958 23 
3 934 1165 1090 1163 940 1229 1254 1231 1252 1383 1276 1387 1278 1395 1408 1393 1404 1413 1416 1443 1510 1527 1524 1531 1490 1513 1534 1515 1494 1599 1586 1591 1570 1595 1588 1593 960 1565 962 
1086 931 1092 937 1170 1089 1168 1233 1250 1273 1256 1279 1384 1397 1388 1391 1400 1409 1442 1411 1522 1417 1466 1509 1528 1525 1532 1495 1584 1535 1582 1561 1600 1587 1592 1571 1568 1557 24 959 
935 78 1087 1164 1093 1162 1171 1228 1253 1232 1251 1382 1277 1390 1379 1398 1403 1392 1401 1418 1467 1444 1521 1526 1489 1508 1519 1516 1533 1506 1585 1598 1579 1576 1569 1596 1547 1572 963 1556 
930 1085 936 1107 1088 1169 1094 1161 1234 1249 1272 1257 1280 1381 1322 1389 1378 1399 1410 1441 1348 1421 1468 1465 1520 1517 1488 1507 1496 1581 1536 1539 1560 1597 1578 1575 1558 1553 1548 25 
77 1006 79 1084 1095 1108 1155 1172 1227 1158 1235 1248 1271 1258 1281 1380 1323 1402 1377 1326 1419 1440 1445 1422 1469 1464 1497 1518 1487 1538 1505 1580 1577 1540 1559 1552 1573 1546 1555 964 
80 929 1080 1007 1106 1083 1160 1111 1156 1173 1226 1259 1236 1247 1270 1321 1282 1327 1324 1349 1376 1347 1420 1439 1446 1423 1470 1463 1498 1473 1486 1537 1504 1551 1574 1541 1554 1549 26 1545 
927 76 1005 922 1081 1096 1109 1154 1159 1112 1157 1174 1223 1260 1237 1246 1269 1320 1283 1328 1325 1350 1375 1346 1353 1438 1447 1424 1471 1462 1499 1474 1485 1542 1503 1550 1481 1544 965 1454 
920 81 928 1079 1008 1105 1082 1097 1110 1153 1100 1225 1150 1175 1222 1261 1238 1245 1268 1319 1284 1329 1316 1351 1374 1343 1354 1437 1448 1425 1472 1461 1500 1475 1484 1543 1502 1453 1482 27 
75 926 921 1004 923 1078 1009 1104 1075 1098 1113 1152 1101 1224 1149 1176 1221 1262 1285 1244 1267 1318 1345 1330 1315 1352 1373 1342 1355 1436 1449 1476 1433 1460 1501 1480 1483 1458 1455 966 
82 919 902 925 900 1003 916 1077 1010 1103 1074 1099 1114 1151 1052 1117 1148 1239 1220 1263 1286 1243 1266 1317 1344 1331 1314 1303 1372 1341 1426 1435 1450 1477 1432 1459 1452 1479 28 1457 
811 74 819 918 903 924 899 1002 915 1076 1011 1102 1073 1014 1115 1070 1177 1118 1147 1240 1219 1264 1287 1242 1217 1304 1203 1332 1313 1356 1371 1340 1427 1434 1451 1478 1431 1456 967 1366 
646 83 812 901 820 917 904 825 898 1001 914 1015 1012 1053 1072 1051 1116 1069 1178 1119 1146 1241 1218 1265 1288 1191 1216 1305 1302 1333 1312 1357 1370 1339 1428 1363 1368 1365 1430 29 
73 810 647 818 813 826 821 816 905 828 895 1000 913 1016 1013 1054 1071 1050 1057 1068 1179 1120 1145 1192 1189 1204 1289 1202 1215 1306 1301 1334 1311 1358 1369 1338 1429 1362 1367 968 
84 645 582 809 648 817 814 827 824 897 906 829 894 999 912 1017 996 1055 1020 1049 1058 1067 1180 1121 1144 1193 1190 1205 1290 1201 1214 1307 1300 1335 1310 1359 1364 1337 30 1361 
581 72 649 644 673 808 775 822 815 806 777 896 907 830 893 998 911 1018 995 1056 1021 1048 1059 1066 1181 1188 1143 1194 1185 1206 1291 1200 1213 1308 1299 1336 1211 1360 969 1296 
642 85 672 583 774 651 668 807 776 823 760 805 778 769 908 831 892 997 910 1019 994 987 1022 1047 1122 1065 1182 1187 1142 1195 1184 1207 1292 1199 1212 1309 1298 1295 1136 31 
71 580 643 650 669 674 773 658 667 676 771 742 761 804 779 768 909 832 891 988 847 886 993 1060 1023 1046 1123 1064 1183 1186 1141 1196 1129 1208 1293 1198 1135 1210 1297 970 
86 641 464 671 584 639 652 675 772 741 666 759 770 743 762 803 780 767 848 833 890 989 986 885 992 1061 1024 1045 1124 1063 1130 1127 1140 1197 1134 1209 1294 1137 32 1039 
463 70 579 640 465 670 659 636 657 662 677 740 665 758 737 744 763 802 781 766 849 846 887 990 985 878 881 1062 1025 1044 1125 1028 1131 1128 1139 1036 1133 1040 971 720 
448 87 466 461 578 585 638 653 660 635 656 663 678 739 632 757 736 745 764 801 834 889 850 845 884 991 984 877 880 1029 1026 1043 1126 1035 1132 1041 1138 719 1038 33 
69 462 449 446 467 460 575 586 637 654 661 634 631 664 679 738 599 756 735 782 765 800 835 888 851 844 879 882 983 876 865 1030 1027 1042 873 1034 1037 972 721 718 
88 447 336 381 452 577 468 459 574 587 478 655 590 633 630 593 680 627 746 755 734 783 752 799 836 883 852 843 866 855 982 875 872 1031 980 977 722 1033 34 973 
335 68 379 450 445 458 453 576 469 456 573 588 519 594 591 600 629 598 681 626 747 754 733 784 751 798 837 856 853 842 867 864 981 874 871 1032 979 976 717 704 
184 89 382 337 380 451 444 457 454 479 518 477 572 589 520 595 592 601 628 597 682 625 748 753 732 785 750 797 838 857 854 841 868 863 978 723 870 705 974 35 
67 334 185 378 383 340 375 386 443 470 455 480 517 476 571 514 521 596 569 602 547 566 683 624 749 686 731 786 689 796 839 858 791 794 869 862 975 716 703 706 
90 183 316 341 338 377 384 343 374 387 442 471 390 481 516 475 570 513 522 487 568 603 548 565 684 623 690 687 730 787 692 795 840 859 790 793 724 861 36 699 
315 66 333 186 311 342 339 376 385 344 373 388 441 472 391 482 515 474 485 512 523 546 567 604 549 564 685 622 691 688 729 788 693 792 725 860 715 700 707 702 
182 91 312 317 332 223 310 319 330 231 322 345 372 389 440 473 392 483 488 437 486 511 524 545 508 605 550 563 608 621 560 611 728 789 694 711 726 713 698 37 
65 314 181 228 187 318 331 230 307 320 329 232 323 346 371 326 439 368 393 484 489 436 415 510 525 544 507 606 551 562 609 620 559 612 727 714 695 710 701 708 
92 145 158 313 224 229 222 309 212 219 306 321 328 239 324 347 370 277 438 367 394 353 490 435 416 509 526 543 506 607 552 561 610 619 558 613 712 617 38 697 
143 64 227 180 159 188 225 162 221 308 213 218 233 304 327 276 325 348 369 278 351 366 395 414 491 434 417 494 527 542 505 530 553 540 533 618 557 696 709 616 
146 93 144 157 226 179 160 189 214 211 220 305 240 217 238 303 256 275 300 349 354 279 352 365 396 413 492 433 418 495 528 541 504 531 554 539 614 501 556 39 
63 142 147 126 139 156 163 178 161 190 215 210 193 234 241 196 237 302 257 272 299 350 355 282 295 364 397 412 493 432 419 496 529 534 503 532 555 538 615 500 
94 121 124 141 148 127 138 155 164 177 136 191 216 209 194 235 242 255 274 301 258 271 280 297 356 283 294 363 398 411 292 431 420 497 428 535 502 499 40 537 
123 62 109 120 125 140 149 128 137 154 165 176 135 192 197 208 195 236 243 254 273 298 259 270 281 296 357 284 293 362 399 410 291 430 421 498 427 536 423 404 
108 95 122 99 110 119 104 113 150 129 116 153 166 175 132 169 198 207 172 201 244 253 204 247 260 269 250 263 358 285 266 361 400 409 288 429 422 405 426 41 
61 100 97 106 59 102 111 118 57 114 151 130 55 134 167 174 53 170 199 206 51 202 245 252 49 248 261 268 47 264 359 286 45 290 401 408 43 424 403 406 
96 107 60 101 98 105 58 103 112 117 56 115 152 131 54 133 168 173 52 171 200 205 50 203 246 251 48 249 262 267 46 265 360 287 44 289 402 407 42 425 
