1 1 25
624
34.01017189025879
1 4 107 50 119 6 127 52 149 8 129 54 151 10 131 56 247 12 133 58 67 14 69 60 65 
108 49 2 5 126 51 118 7 128 53 150 9 130 55 290 11 132 57 248 13 134 59 66 15 70 
3 106 109 120 115 168 125 154 117 148 145 152 601 244 143 246 289 624 141 266 249 68 135 64 61 
48 121 114 167 124 155 116 209 146 153 174 243 144 291 602 619 142 267 262 625 140 265 62 71 16 
105 110 123 156 169 208 177 172 175 242 147 600 573 612 245 288 603 620 623 268 263 250 73 136 63 
122 47 166 113 178 171 206 241 210 173 572 577 292 599 618 607 614 287 604 261 622 139 264 17 72 
111 104 157 170 207 186 211 176 239 570 293 574 611 576 613 590 617 606 621 286 269 260 251 74 137 
46 165 112 179 162 205 240 467 294 557 548 571 578 589 598 615 608 591 282 605 256 285 138 259 18 
103 158 163 204 185 212 187 238 549 468 569 558 575 610 579 588 597 616 595 534 283 270 257 252 75 
164 45 180 161 200 203 466 295 514 547 556 561 568 559 586 609 582 535 592 281 594 255 284 19 258 
159 102 201 184 213 188 237 512 469 550 515 544 555 562 567 580 587 596 583 536 533 280 271 76 253 
44 181 160 199 202 465 296 463 482 513 546 551 560 543 554 585 566 581 530 593 276 537 254 279 20 
101 198 183 214 189 236 461 470 511 472 483 516 545 552 563 542 529 584 565 540 523 532 277 272 77 
182 43 194 197 436 297 464 439 462 481 510 473 484 517 478 553 564 541 528 531 538 275 524 21 278 
195 100 215 190 235 394 437 460 471 440 457 480 509 476 485 518 527 506 539 522 525 502 497 78 273 
42 193 196 357 298 435 360 395 438 459 474 443 456 479 508 477 486 519 526 505 496 521 274 501 22 
99 216 191 234 331 358 393 434 361 396 441 458 475 444 455 414 507 452 495 520 503 498 493 490 79 
192 41 310 299 356 343 332 359 392 433 374 397 442 431 400 445 454 487 504 451 494 489 500 23 492 
217 98 233 320 311 330 355 344 373 362 391 432 375 398 415 430 413 446 453 488 499 450 491 80 425 
40 227 218 309 300 321 342 333 354 345 372 363 390 401 376 399 416 429 412 447 422 427 424 449 24 
97 220 301 232 319 312 329 322 341 334 353 346 371 364 389 402 377 384 417 428 411 448 421 426 81 
226 39 228 219 308 303 318 313 328 323 340 335 352 347 370 365 388 403 410 383 418 423 408 25 420 
221 96 223 302 231 314 307 304 317 336 327 324 339 366 351 348 369 378 385 404 409 382 419 82 407 
38 225 94 229 36 305 92 315 34 325 90 337 32 349 88 367 30 387 86 379 28 405 84 381 26 
95 222 37 224 93 230 35 306 91 316 33 326 89 338 31 350 87 368 29 386 85 380 27 406 83 
