5 2 25
621
33.956050872802734
56 53 2 415 64 51 450 457 66 49 448 487 68 47 506 491 70 45 502 495 72 43 512 499 74 
3 392 55 52 1 456 65 50 449 486 67 48 605 490 69 46 507 494 71 44 511 500 73 42 513 
54 57 414 441 416 63 458 451 460 447 570 541 488 619 606 505 492 503 510 501 496 525 514 75 498 
391 4 393 62 453 440 455 446 485 540 461 618 599 604 489 620 607 508 493 -1 521 516 497 524 41 
58 61 438 413 442 417 452 459 462 569 542 571 622 617 600 603 504 615 608 509 526 587 522 515 76 
5 390 59 394 439 454 445 464 539 484 537 598 601 574 621 616 613 582 -1 592 609 520 517 40 523 
60 291 280 437 412 443 418 435 482 463 568 543 572 597 602 577 -1 593 614 557 586 527 588 77 518 
279 6 389 290 395 436 411 444 465 538 483 536 575 578 573 596 581 612 583 594 591 610 519 528 39 
288 195 292 281 386 409 396 419 434 481 466 567 544 535 576 579 564 595 556 611 558 585 550 589 78 
7 278 289 388 293 282 385 410 407 420 433 480 467 566 545 534 477 580 563 584 551 590 559 38 529 
194 287 196 277 254 387 408 397 384 347 406 421 432 479 468 565 546 533 476 555 562 549 552 79 560 
197 8 255 286 257 294 283 348 333 398 383 372 405 422 431 478 469 428 547 532 475 554 561 530 37 
238 193 258 253 276 285 334 295 324 349 346 399 382 373 404 423 430 379 470 427 548 531 474 553 80 
9 198 239 256 259 252 275 284 335 332 371 350 345 400 381 374 403 424 429 378 471 426 361 36 473 
174 237 192 199 240 235 260 325 296 323 336 331 370 351 344 401 380 375 356 425 364 377 472 81 310 
149 10 175 236 191 200 251 274 261 326 297 322 337 330 369 352 343 402 365 376 355 360 309 362 35 
116 173 150 147 176 241 234 201 250 273 262 327 298 321 338 329 368 353 342 357 366 363 316 311 82 
11 148 117 172 153 190 177 242 233 202 249 272 263 328 299 320 339 302 367 354 341 308 359 34 315 
118 115 134 151 146 171 154 189 178 243 232 203 248 271 264 303 300 319 340 307 358 317 312 83 220 
113 12 125 138 135 152 145 170 161 188 179 244 231 214 247 270 265 304 301 318 267 306 219 314 33 
104 119 114 133 126 139 136 155 180 169 162 187 204 245 230 215 208 269 266 305 218 313 226 221 84 
13 112 103 124 137 132 127 144 163 160 181 168 213 186 205 246 229 216 207 268 227 222 85 32 225 
102 105 120 109 128 123 140 131 156 143 164 159 182 167 212 185 206 209 228 217 88 91 224 29 26 
111 14 107 100 121 16 129 98 141 18 157 96 165 20 183 94 211 22 89 92 223 24 27 86 31 
106 101 110 15 108 99 122 17 130 97 142 19 158 95 166 21 184 93 210 23 90 87 30 25 28 
