3 4 40
1599
49.01266098022461
858 847 78 845 1166 1159 76 1163 1178 1189 74 1367 1374 1191 72 1389 1396 1193 70 1427 1414 1195 68 1519 1416 1197 66 1525 1570 1199 64 1581 1210 1201 62 1217 1208 1203 60 1219 
79 844 859 1160 77 1164 1167 1184 75 1368 1179 1190 73 1372 1383 1192 71 1430 1411 1194 69 1452 1415 1196 67 1524 1567 1198 65 1584 1569 1200 63 1600 1209 1202 61 1218 1207 1204 
848 857 846 1165 1158 1173 1162 1177 1188 1185 1366 1373 1384 1375 1388 1395 1390 1397 1426 1431 1428 1413 1520 1451 1518 1417 1526 1575 1568 1571 1580 1585 1582 1211 1544 1599 1216 1205 1220 59 
843 80 1 860 1161 1168 1183 1174 1365 1180 1369 1186 1371 1382 1385 1392 1425 1410 1429 1412 1453 1450 1457 1418 1521 1486 1523 1566 1579 1576 1583 1572 1593 1586 1597 1212 1543 1546 1215 1206 
2 849 856 1125 1172 1157 1176 1169 1182 1187 1364 1285 1376 1387 1394 1381 1398 1391 1432 1423 1434 1419 1454 1487 1458 1517 1562 1527 1574 1565 1592 1577 1588 1557 1594 1545 1598 1213 58 1221 
81 842 725 852 861 1126 1171 1156 1175 1286 1181 1370 1363 1282 1379 1386 1393 1424 1409 1420 1449 1456 1447 1460 1485 1522 1483 1516 1563 1578 1573 1556 1591 1596 1587 1542 1549 1538 1547 1214 
724 3 850 855 1124 853 1086 1127 1170 1155 1284 1287 1260 1377 1362 1345 1380 1399 1422 1433 1408 1435 1462 1455 1488 1459 1512 1561 1528 1515 1564 1589 1558 1541 1550 1595 1552 1533 1222 57 
731 82 841 726 851 862 1123 1154 1087 1128 1261 1120 1283 1288 1281 1378 1361 1346 1339 1400 1421 1448 1407 1446 1461 1484 1489 1482 1513 1560 1529 1506 1555 1590 1553 1532 1539 1548 1537 1500 
4 723 730 835 854 1073 838 1085 1122 1153 1088 1129 1262 1259 1344 1289 1280 1341 1360 1347 1338 1401 1436 1463 1406 1445 1466 1511 1490 1481 1514 1559 1530 1505 1540 1551 1534 1501 56 1223 
83 732 727 840 729 836 863 1074 1089 1084 1121 1152 1119 1130 1263 1258 1343 1290 1279 1340 1359 1348 1337 1402 1437 1464 1405 1444 1467 1510 1491 1504 1507 1554 1531 1502 1475 1536 1499 1496 
722 5 720 733 834 839 1072 837 968 1075 1090 1083 1078 1151 1118 1133 1264 1257 1342 1291 1278 1331 1358 1349 1336 1403 1438 1465 1352 1443 1480 1509 1492 1503 1476 1535 1498 1495 1224 55 
645 84 737 728 769 734 833 864 1071 1020 1079 1076 1091 1082 1131 1150 1117 1134 1265 1256 1147 1292 1277 1332 1357 1350 1335 1404 1439 1468 1325 1442 1479 1508 1493 1320 1477 1474 1497 1306 
6 721 646 719 736 829 768 969 832 967 1070 1021 1080 1077 1092 1067 1132 1149 1116 1135 1266 1255 1330 1293 1276 1333 1356 1351 1314 1353 1440 1469 1324 1319 1478 1473 1494 1307 54 1225 
85 644 601 738 647 770 735 830 865 970 1019 966 1069 1022 1081 1016 1093 1066 1053 1148 1115 1146 1267 1254 1329 1294 1275 1334 1355 1326 1313 1318 1441 1470 1321 1308 1245 1472 1305 1302 
600 7 648 643 718 767 828 771 900 831 964 971 1018 1015 1068 1023 1054 989 1094 1065 1136 1097 1114 1145 1268 1253 1328 1295 1274 1315 1354 1323 1298 1309 1244 1471 1304 1301 1226 53 
641 86 717 602 739 650 773 766 827 866 901 1014 965 972 1017 1012 975 1024 1055 1052 1095 1064 1137 1098 1113 1144 1269 1252 1327 1296 1273 1312 1317 1322 1299 1246 1239 1232 1303 1234 
8 599 642 649 716 713 740 801 772 899 826 963 902 1013 960 973 990 1011 988 1025 1056 1051 1096 1063 1138 1099 1112 1143 1270 1251 1316 1297 1272 1249 1310 1243 1300 1235 52 1227 
87 640 533 714 603 638 651 774 765 802 867 898 825 962 903 976 959 974 991 1010 987 1026 1057 1050 1029 1062 1139 1100 1111 1142 1271 1250 1311 1242 1247 1238 1231 1240 1233 936 
532 9 598 639 590 715 712 741 800 775 764 803 868 897 824 961 904 977 958 907 992 1009 986 1027 1058 1049 1030 1061 1140 1101 1110 1043 1248 1107 1230 1241 1236 937 1228 51 
455 88 551 534 597 604 637 652 711 742 799 776 763 804 869 896 823 908 905 978 957 910 993 1008 985 1028 1059 1048 1031 1002 1141 1102 1109 1042 1237 1106 1229 1040 935 938 
10 531 456 591 552 589 596 605 636 653 710 743 798 777 762 805 870 895 822 909 906 979 956 911 994 1007 984 997 1060 1047 1032 1001 1044 1103 1108 1041 946 1105 50 1037 
89 454 213 550 535 592 553 588 595 606 635 654 709 744 797 778 761 806 871 894 821 874 891 980 955 912 995 1006 983 998 1003 1046 1033 1000 945 1104 1039 1036 939 934 
212 11 530 457 504 549 536 593 554 587 546 607 634 655 708 745 796 779 760 807 872 893 820 875 890 981 954 913 996 1005 916 999 944 1045 1034 947 942 931 1038 49 
293 90 453 214 529 458 505 548 539 594 555 586 545 608 633 656 707 746 795 780 759 808 873 892 819 876 889 982 953 914 919 1004 951 948 943 930 1035 940 933 924 
12 211 294 347 452 503 528 537 506 547 540 525 556 585 544 609 632 657 706 747 794 781 758 809 792 783 818 877 888 917 952 915 920 927 950 941 932 925 48 685 
91 292 215 276 295 348 459 502 527 538 507 500 541 524 557 584 543 610 631 658 705 748 793 782 757 810 791 784 817 878 887 918 949 884 921 926 929 686 923 676 
210 13 208 291 346 451 296 349 460 501 526 463 508 499 542 523 558 583 520 611 630 659 704 749 662 701 756 811 790 785 816 879 886 787 928 883 922 677 684 47 
189 92 277 216 275 290 345 450 297 350 461 448 373 464 509 498 467 522 559 582 519 612 629 660 703 750 663 700 755 812 789 786 815 880 885 696 687 882 675 678 
14 209 190 207 278 269 274 289 344 449 372 351 462 447 374 465 510 497 468 521 560 581 518 613 628 661 702 751 664 699 754 813 788 697 688 881 694 683 46 673 
93 188 195 270 217 204 279 298 273 288 343 332 371 352 341 446 375 466 511 496 469 514 561 580 517 614 627 578 617 752 665 698 691 814 695 668 689 674 679 426 
194 15 206 191 196 271 268 263 280 299 266 287 342 333 370 353 340 445 376 395 512 495 470 515 562 579 492 615 626 577 618 753 666 623 690 693 682 427 672 45 
187 94 193 136 205 218 203 272 267 264 281 300 331 284 307 334 369 354 337 444 377 396 513 494 471 516 563 476 491 616 625 576 619 692 667 622 669 680 425 428 
16 137 184 197 192 143 262 219 202 259 286 265 282 301 330 339 308 335 368 355 394 443 378 397 440 493 472 437 564 477 490 567 624 575 620 681 570 485 44 671 
95 186 135 142 183 198 181 158 261 220 201 258 285 236 283 306 329 338 309 336 367 356 393 442 473 398 439 478 475 436 565 412 489 568 571 574 621 670 429 424 
134 17 138 185 120 141 144 199 180 161 260 221 166 257 302 239 254 305 328 357 312 325 366 379 392 441 474 399 438 479 402 435 566 573 488 569 484 421 486 43 
111 96 133 116 139 182 157 162 159 200 179 164 237 222 235 256 303 240 253 310 327 358 313 324 365 380 391 322 403 400 413 480 411 434 483 572 487 430 423 420 
18 117 112 121 132 119 140 145 156 163 160 167 178 165 238 223 234 255 304 241 252 311 326 359 314 323 364 381 390 321 404 401 414 481 410 433 422 419 42 431 
97 110 99 118 115 122 131 104 125 146 155 128 149 168 177 152 171 224 233 174 227 242 251 230 245 360 315 248 363 382 389 318 405 386 415 482 409 432 39 418 
100 19 108 113 102 21 106 123 130 23 126 147 154 25 150 169 176 27 172 225 232 29 228 243 250 31 246 361 316 33 320 383 388 35 406 385 416 37 408 41 
109 98 101 20 107 114 103 22 105 124 129 24 127 148 153 26 151 170 175 28 173 226 231 30 229 244 249 32 247 362 317 34 319 384 387 36 407 40 417 38 
