4 2 40
1583
27.9998779296875
171 2 87 92 173 180 85 94 205 1224 83 96 1275 1288 81 98 1389 1290 79 100 1405 1398 77 102 1533 1400 75 104 -1 1568 73 106 1547 1570 71 108 1549 1584 69 110 
88 91 172 1 86 93 204 1221 84 95 1272 1223 82 97 1374 1289 80 99 1408 1395 78 101 1514 1399 76 103 -1 1537 74 105 -1 1569 72 107 1548 1577 70 109 1446 1583 
3 170 89 174 179 208 181 206 1269 1222 1225 1274 1311 1276 1287 1388 1381 1390 1291 1406 1491 1404 1397 1534 1515 1532 1401 -1 -1 -1 1567 1546 1571 1576 1557 1550 1581 1578 111 68 
90 175 168 189 182 203 1220 209 1226 1273 1278 1271 1286 1373 1380 1375 1292 1407 1394 1409 1396 1427 1492 1513 1402 -1 1536 -1 1538 -1 1572 -1 1558 1551 1580 1575 1556 1447 1582 1445 
169 4 183 178 211 188 207 1268 1219 1270 1285 1310 1277 1312 1293 1372 1387 1382 1391 1428 1411 1490 1403 1500 1535 1516 1531 -1 -1 -1 1545 1566 1573 1564 1555 1552 1579 1562 67 112 
176 167 190 187 202 1217 210 1227 1232 1279 1266 1281 1294 1337 1308 1379 1376 1393 1410 1383 1426 1431 1424 1493 1512 1501 -1 1517 1530 1539 -1 1525 1544 1559 1574 1563 1448 1553 1444 1451 
5 184 177 214 191 212 1231 1218 1267 1228 1233 1284 1309 1282 1313 1338 1371 1386 1377 1392 1429 1412 1489 1432 1499 1494 1511 1502 -1 1518 1529 1540 1565 1524 1543 1554 1561 1450 113 66 
166 193 186 201 1056 215 1216 1053 1230 1213 1280 1265 1234 1295 1336 1307 1378 1339 1370 1413 1384 1425 1430 1423 1488 1465 1498 1495 1510 1505 1522 1519 1526 1541 1560 1449 1480 1443 1452 1355 
185 6 217 192 213 1052 1055 1210 1215 1208 1229 1212 1283 1264 1235 1314 1335 1306 1385 1340 1369 1422 1415 1466 1433 1420 1487 1506 1503 1496 1509 1528 1523 1520 1481 1542 1475 1356 65 114 
194 165 200 973 216 1057 220 1097 1054 1211 1214 1207 1128 1181 1296 1263 1236 1315 1334 1305 1414 1341 1368 1421 1416 1467 1464 1497 1486 1507 1504 1521 1482 1527 1476 1479 1442 1453 1354 1159 
7 224 195 218 221 974 1051 1060 1209 1098 1129 1094 1183 1206 1185 1180 1297 1262 1237 1316 1333 1304 1417 1342 1367 1434 1419 1468 1463 1458 1485 1508 1477 1460 1483 1474 1357 1160 115 64 
164 199 222 225 972 219 1058 977 1096 1061 1092 1099 1130 1127 1182 1205 1186 1179 1298 1261 1238 1317 1332 1303 1418 1343 1366 1435 1346 1469 1462 1459 1484 1473 1478 1441 1454 1353 1158 1161 
223 8 235 196 249 870 975 1050 1059 978 1095 1126 1093 1184 1131 1124 1105 1204 1187 1178 1299 1260 1239 1318 1331 1302 1347 1344 1365 1436 1457 1470 1461 1440 1455 1472 1251 1358 63 116 
198 163 226 731 236 971 250 871 976 1047 1062 1091 1100 1125 1088 1103 1132 1123 1106 1203 1188 1177 1300 1259 1240 1319 1330 1243 1348 1345 1362 1437 1456 1471 1252 1439 1352 1157 1162 1147 
9 234 197 248 231 730 869 970 1049 872 979 1046 1063 1090 1101 1066 1087 1104 1133 1122 1107 1202 1189 1176 1301 1258 1241 1320 1329 1364 1349 1326 1361 1438 1351 1250 1359 1148 117 62 
162 227 232 237 732 251 742 729 868 969 1048 873 980 1045 1064 1089 1102 1067 1086 1039 1134 1121 1108 1201 1190 1175 1244 1257 1242 1321 1328 1363 1350 1325 1360 1253 1156 1163 1146 1149 
233 10 247 230 265 728 733 866 741 874 811 968 877 940 981 1044 1065 984 1041 1068 1085 1038 1135 1120 1109 1200 1191 1174 1245 1256 1197 1322 1327 1254 1169 1324 1249 1154 61 118 
228 161 238 707 252 739 266 743 734 867 864 875 836 967 878 941 982 1043 964 985 1040 1069 1084 1037 1136 1119 1110 1199 1192 1173 1246 1255 1196 1323 1248 1155 1164 1145 1150 1023 
11 246 229 264 243 708 727 740 865 810 837 812 863 876 939 966 879 942 983 1042 963 986 1013 1070 1083 1036 1137 1118 1111 1198 1193 1172 1247 1168 1195 1170 1153 1024 119 60 
160 239 244 253 706 267 738 711 744 735 724 809 838 835 862 845 938 965 902 943 936 917 962 987 1014 1071 1082 1035 1138 1117 1112 1167 1194 1171 1114 1165 1144 1151 1022 1025 
245 12 263 242 281 474 709 726 737 712 745 834 813 846 839 832 861 880 937 918 903 944 935 1012 961 988 1015 1072 1081 1034 1139 1116 1113 1166 1143 1152 1077 1030 59 120 
240 159 254 473 268 705 282 605 710 725 736 723 808 833 814 847 844 901 860 881 898 919 916 945 934 1011 960 989 1016 1073 1080 1033 1140 1115 1078 1031 1142 1021 1026 1001 
13 262 241 280 259 494 475 704 633 606 713 746 815 722 807 840 831 848 843 900 859 904 897 920 915 946 933 1010 959 990 1017 1074 1079 1032 1141 1076 1029 1000 121 58 
158 255 260 269 472 283 564 493 604 703 634 607 714 747 816 721 806 841 830 849 882 899 858 905 896 921 914 947 932 1009 958 991 1018 1075 1006 999 1020 1027 1002 995 
261 14 279 258 491 476 495 478 565 632 603 702 635 720 715 748 817 718 805 842 857 850 883 824 855 906 895 922 913 948 931 1008 957 992 1019 1028 1005 994 57 122 
256 157 270 471 284 469 492 563 498 485 566 631 608 701 636 719 716 749 818 829 802 821 856 851 884 823 854 907 894 923 912 949 930 1007 956 993 998 1003 996 953 
15 278 257 444 275 490 477 496 479 562 499 602 567 630 609 700 637 804 717 750 819 828 801 822 825 852 885 798 773 908 893 924 911 950 929 1004 955 952 123 56 
156 271 276 285 470 445 468 489 486 497 484 559 610 601 568 629 612 699 638 803 696 751 820 827 800 761 772 853 886 797 774 909 892 925 792 951 928 997 954 783 
277 16 409 274 443 412 487 446 467 480 561 500 483 558 611 600 569 628 613 698 639 660 695 752 663 826 799 762 771 758 887 796 791 910 891 926 793 782 55 124 
272 155 286 363 410 419 442 413 488 447 466 481 560 501 464 557 544 599 570 627 614 697 640 661 694 753 760 691 756 763 770 775 888 795 788 781 890 927 784 681 
17 336 273 408 291 364 411 420 441 416 423 448 465 482 545 502 463 556 615 598 571 626 659 664 641 662 693 754 759 690 757 790 769 776 889 794 787 682 125 54 
154 287 292 337 362 407 418 365 414 421 440 379 424 449 402 437 546 543 522 555 616 597 572 625 658 665 642 655 692 755 764 689 674 789 768 777 780 785 680 683 
293 18 335 290 323 338 359 406 417 378 415 422 439 390 425 450 503 462 547 542 523 554 617 596 573 624 657 666 643 654 675 646 765 688 779 786 767 686 53 126 
288 153 310 297 334 361 366 339 358 405 348 377 380 403 438 401 436 521 504 461 548 541 524 553 618 595 574 623 656 667 644 653 676 673 766 687 778 679 684 585 
19 294 289 324 309 322 333 360 367 340 357 404 391 376 389 426 451 400 435 520 505 460 549 540 525 552 619 594 575 622 647 668 645 652 677 672 685 584 127 52 
152 307 296 311 298 325 314 321 332 349 368 347 356 381 392 375 388 427 452 399 434 519 506 459 550 539 526 513 620 593 576 533 648 669 590 651 678 671 586 583 
295 20 151 308 315 312 299 326 341 320 331 350 369 346 355 382 393 374 387 428 453 398 433 518 507 458 551 538 527 512 621 592 577 532 649 670 589 582 51 128 
150 23 306 27 146 303 316 313 300 327 342 319 330 351 370 345 354 383 394 373 386 429 454 397 432 517 508 457 514 537 528 511 534 591 578 531 650 587 48 581 
21 28 25 148 305 30 145 302 317 32 143 328 343 34 141 352 371 36 139 384 395 38 137 430 455 40 135 516 509 42 133 536 529 44 131 588 579 46 129 50 
24 149 22 29 26 147 304 31 144 301 318 33 142 329 344 35 140 353 372 37 138 385 396 39 136 431 456 41 134 515 510 43 132 535 530 45 130 49 580 47 
