5 2 40
1599
28.922557830810547
1206 1197 2 1213 1204 1303 76 1215 78 1409 74 1217 80 1427 72 1219 82 1439 70 1221 84 1493 68 1223 86 1499 66 1225 88 1505 64 1227 90 109 62 101 92 97 60 99 
3 1212 1205 1300 1 1214 1203 1398 75 1216 79 1410 73 1218 81 1436 71 1220 83 1460 69 1222 85 1498 67 1224 87 1576 65 1226 89 1506 63 1228 91 108 61 100 93 96 
1196 1207 1198 1211 1302 1323 1304 77 1408 1401 1406 1329 1428 1433 1426 1331 1438 1453 1440 1333 1492 1459 1494 1335 1496 1551 1500 1337 1504 1573 1584 1339 1236 107 110 1229 102 95 98 59 
1199 4 1301 1208 1299 1202 1399 1324 1397 1328 1411 1402 1413 1330 1437 1446 1435 1332 1461 1458 1465 1334 1497 1544 1501 1336 1575 1550 1577 1338 1507 1572 1583 1340 1235 106 111 1230 103 94 
1018 1195 1210 1201 1322 1305 1320 1327 1400 1407 1394 1405 1432 1429 1434 1425 1452 1449 1454 1441 1462 1491 1464 1495 1552 1549 1556 1503 1574 1585 1578 1581 1508 1237 1568 1341 1234 105 58 113 
5 1200 1019 1194 1209 1298 1325 1396 1319 1384 1403 1412 1393 1414 1447 1430 1445 1424 1457 1450 1455 1466 1543 1488 1545 1502 1553 1600 1555 1580 1571 1586 1569 1582 1509 1238 1511 112 1231 104 
992 1017 1192 1283 1020 1321 1306 1295 1326 1395 1318 1385 1404 1431 1390 1417 1448 1451 1442 1421 1486 1463 1490 1467 1548 1541 1546 1557 1592 1599 1588 1579 1534 1563 1518 1567 1342 1233 114 57 
861 6 993 1016 1193 1284 1297 1280 1307 1294 1383 1392 1317 1386 1415 1444 1389 1418 1423 1456 1375 1420 1487 1542 1489 1468 1593 1554 1597 1558 1591 1570 1587 1566 1533 1510 1239 1512 1241 1232 
858 991 860 1191 1282 1021 1188 1285 1296 1279 1308 1293 1382 1391 1316 1387 1416 1443 1314 1419 1422 1485 1374 1363 1482 1547 1540 1469 1594 1589 1598 1535 1562 1519 1564 1517 1530 1343 56 115 
7 862 857 994 1015 1190 1281 1022 1187 1286 1025 1278 1309 1292 1381 1312 1315 1388 1379 1376 1273 1362 1253 1484 1373 1364 1481 1596 1479 1536 1559 1590 1565 1532 1529 1520 1513 1240 1349 1242 
856 859 990 863 870 995 1014 1189 998 1023 1186 1287 1070 1277 1310 1291 1380 1313 1274 1181 1378 1155 1272 1361 1254 1483 1372 1539 1470 1595 1478 1537 1528 1561 1516 1531 1344 1521 116 55 
841 8 869 854 989 864 909 996 1013 1026 1069 1024 1185 1288 1071 1276 1311 1290 1377 1152 1107 1180 1255 1252 1271 1360 1365 1480 1371 1538 1527 1560 1477 1354 1523 1514 1475 1350 1243 1348 
722 855 842 839 866 871 988 999 910 997 1012 1027 1068 1009 1184 1289 1072 1275 1182 1075 1156 1151 1154 1179 1256 1251 1270 1359 1526 1471 1370 1357 1524 1515 1476 1353 1522 1345 54 117 
9 840 723 868 853 908 865 872 987 1000 911 984 1011 1028 1067 1008 1183 1064 1073 1108 1153 1106 1157 1150 1125 1178 1257 1366 1269 1358 1525 1472 1369 1266 1355 1474 1351 1244 1347 1136 
724 721 822 843 838 867 852 907 912 873 986 1001 976 983 1010 1029 1066 1007 1076 1063 1074 1109 1126 1105 1158 1149 1250 1177 1258 1367 1268 1261 1356 1473 1352 1265 1346 1137 118 53 
719 10 837 726 823 844 835 826 851 906 913 874 985 1002 977 982 1005 1030 1065 980 1077 1062 1047 1110 1127 1124 1159 1148 1249 1176 1259 1368 1267 1262 1171 1166 1245 1264 1135 1138 
558 725 720 821 836 727 824 845 834 875 850 905 914 975 902 1003 978 981 1006 1031 1048 947 1078 1061 1104 1111 1128 1123 1160 1147 1248 1175 1260 1163 1246 1263 1170 1143 52 119 
11 718 559 728 715 820 827 790 825 846 833 876 849 904 915 974 901 1004 979 972 921 1032 1049 1046 1079 1060 1103 1112 1129 1174 1161 1146 1247 1172 1167 1144 1165 1134 1139 1092 
516 557 620 717 560 729 714 819 828 791 816 847 832 877 812 903 916 973 900 919 948 971 946 1033 1050 1045 1080 1059 1122 1113 1130 1173 1162 1145 1164 1169 1142 1093 120 51 
493 12 517 556 621 716 789 730 713 818 829 792 815 848 831 878 811 802 917 922 899 920 949 970 945 1034 1051 1102 1081 1058 1121 1114 1131 1168 1119 1116 1133 1140 1091 1094 
496 515 494 619 518 561 622 643 788 731 712 817 830 793 782 813 796 879 810 803 918 923 898 885 950 969 1044 1035 1052 1101 1082 1057 1120 1115 1132 1141 1118 1097 50 121 
13 492 497 514 555 618 519 562 623 644 787 732 711 814 797 794 781 804 801 880 809 886 883 924 897 944 951 968 1043 1036 1053 1100 1083 1056 1117 1098 1087 1090 1095 962 
412 495 450 491 520 513 554 617 642 563 624 645 786 733 710 783 798 795 778 805 800 881 808 887 884 925 896 943 952 967 1042 1037 1054 1099 1086 1089 1096 963 122 49 
381 14 413 498 451 490 521 512 553 616 641 564 625 646 785 734 709 780 799 736 777 806 739 882 775 888 757 926 895 1038 953 966 1041 1084 1055 964 937 1088 961 958 
352 411 382 449 414 499 452 489 522 511 552 615 640 565 626 647 784 735 708 779 682 737 776 807 756 745 774 889 942 927 894 1039 954 965 930 1085 960 957 48 123 
15 380 353 410 383 448 415 500 453 488 523 510 551 614 639 566 627 648 637 630 707 740 683 738 743 758 755 746 773 890 941 928 893 1040 955 938 767 936 959 934 
302 351 326 379 354 409 384 447 416 501 454 487 524 509 550 613 638 567 628 649 636 681 706 741 684 703 744 759 754 747 772 891 940 929 768 931 956 933 124 47 
279 16 303 350 327 378 355 408 385 446 417 502 455 486 525 508 549 612 631 568 629 650 635 680 705 742 685 702 677 760 753 748 771 892 939 750 769 766 935 696 
258 301 280 325 304 349 328 377 356 407 386 445 418 503 456 485 526 507 548 611 632 569 608 651 634 679 704 671 686 701 676 761 752 749 770 765 932 697 46 125 
17 278 259 300 281 324 305 348 329 376 357 406 387 444 419 504 457 484 527 506 547 610 633 570 607 652 583 678 655 672 687 700 675 762 751 698 665 764 695 692 
224 257 240 277 260 299 282 323 306 347 330 375 358 405 388 443 420 505 458 483 528 461 546 609 584 571 606 653 670 603 656 673 688 699 658 763 694 691 126 45 
209 18 225 256 241 276 261 298 283 322 307 346 331 374 359 404 389 442 421 462 459 482 529 572 545 532 585 582 605 654 669 602 657 674 689 666 599 664 693 662 
196 223 210 239 226 255 242 275 262 297 284 321 308 345 332 373 360 403 390 441 422 463 460 481 530 573 544 533 586 581 604 589 668 601 598 659 690 661 44 127 
19 208 197 222 211 238 227 254 243 274 263 296 285 320 309 344 333 372 361 402 391 440 423 464 437 480 531 574 543 534 587 580 595 590 667 600 597 144 663 146 
178 195 186 207 198 221 212 237 228 253 244 273 264 295 286 319 310 343 334 371 362 401 392 439 424 465 436 479 472 575 542 535 588 579 596 591 660 147 128 43 
187 20 179 194 213 206 199 220 245 236 229 252 287 272 265 294 335 318 311 342 393 370 363 400 435 438 425 466 433 478 473 576 541 594 475 578 143 592 145 138 
168 177 188 185 180 193 214 205 200 219 246 235 230 251 288 271 266 293 336 317 312 341 394 369 364 399 434 431 426 471 536 477 474 577 540 593 148 139 42 129 
21 172 169 176 189 184 181 192 215 204 201 218 247 234 231 250 289 270 267 292 337 316 313 340 395 368 365 398 467 432 427 470 537 476 149 142 539 132 137 134 
170 167 174 23 182 165 190 25 202 163 216 27 232 161 248 29 268 159 290 31 314 157 338 33 366 155 396 35 430 153 468 37 428 151 538 39 140 135 130 41 
173 22 171 166 175 24 183 164 191 26 203 162 217 28 233 160 249 30 269 158 291 32 315 156 339 34 367 154 397 36 429 152 469 38 141 150 131 40 133 136 
