4 2 25
624
10.99705696105957
111 2 57 52 113 120 59 50 145 562 61 48 491 576 63 46 495 606 65 44 499 70 37 42 39 
56 53 112 1 58 51 144 543 60 49 490 575 62 47 494 625 64 45 498 607 66 43 40 69 36 
3 110 55 114 119 148 121 146 561 544 563 492 577 618 579 496 605 624 609 500 71 514 67 38 41 
54 115 108 129 122 143 530 149 542 489 574 559 572 493 622 619 610 497 604 601 608 501 72 35 68 
109 4 123 118 151 128 147 484 531 560 545 564 621 578 617 580 623 602 611 594 515 590 513 502 73 
116 107 130 127 142 477 150 529 488 541 532 573 558 571 620 613 616 593 598 603 600 585 516 511 34 
5 124 117 154 131 152 483 478 485 528 557 546 565 614 581 570 597 612 595 584 591 512 589 74 503 
106 133 126 141 390 155 476 487 526 481 540 533 556 547 566 615 582 553 592 599 586 517 510 33 462 
125 6 157 132 153 474 391 482 479 486 527 548 539 534 555 552 569 596 583 518 509 588 463 504 75 
134 105 140 347 156 389 160 475 472 525 480 535 522 549 538 567 554 551 508 587 464 505 414 461 32 
7 164 135 158 161 346 473 392 423 442 471 524 445 536 521 550 447 568 519 506 459 456 465 76 413 
104 139 162 165 348 159 388 345 378 393 424 443 470 523 446 537 520 507 458 455 466 415 460 31 452 
163 8 175 136 243 344 349 376 387 422 441 394 425 444 469 438 431 448 467 436 457 454 451 412 77 
138 103 166 245 176 351 242 379 342 377 386 421 440 395 426 433 468 437 430 449 416 407 402 453 30 
9 174 137 240 171 244 343 350 375 380 357 372 385 420 439 396 427 432 435 406 429 450 411 78 403 
102 167 172 177 246 241 352 341 358 355 374 381 360 371 384 419 434 397 428 417 408 401 404 29 308 
173 10 221 170 239 226 249 274 353 340 359 356 373 382 361 370 335 418 367 398 405 410 309 400 79 
168 101 178 225 222 247 238 227 250 275 354 339 282 321 336 383 362 369 334 409 366 399 330 307 28 
11 196 169 220 193 228 223 248 273 260 255 276 271 338 283 322 333 318 363 368 331 310 365 80 327 
100 179 188 195 224 203 218 237 254 251 272 261 256 281 320 337 284 323 332 317 364 329 326 27 306 
189 12 197 192 219 194 229 206 213 236 259 252 277 270 287 280 319 316 301 324 311 314 303 328 81 
180 99 190 187 202 207 204 217 230 253 212 235 262 257 278 269 288 285 312 315 302 325 298 305 26 
13 96 183 198 191 186 201 208 205 214 231 258 211 234 265 286 279 268 291 300 313 304 295 82 297 
98 181 94 15 184 199 92 17 216 209 90 19 232 263 88 21 266 289 86 23 292 299 84 25 294 
95 14 97 182 93 16 185 200 91 18 215 210 89 20 233 264 87 22 267 290 85 24 293 296 83 
