3 4 25
623
21.965503692626953
320 49 318 315 322 47 530 497 538 45 540 609 578 43 542 619 580 41 406 545 290 39 288 397 292 
317 314 321 48 499 494 323 46 535 596 537 44 541 618 579 42 543 -1 581 40 405 396 291 38 287 
50 319 316 487 324 531 498 529 496 539 608 595 610 577 624 615 620 601 544 407 546 289 404 293 398 
313 326 1 502 493 500 495 534 593 536 597 576 617 606 611 600 623 604 621 582 395 408 399 286 37 
2 51 486 325 488 503 532 491 528 575 594 607 598 587 616 605 614 585 602 549 410 547 394 403 294 
327 312 345 376 501 492 489 506 533 592 525 574 589 612 599 586 603 622 583 570 425 400 409 36 285 
52 3 328 485 450 467 504 527 490 507 564 591 566 573 588 613 584 571 550 411 548 393 426 295 402 
311 344 375 346 377 484 451 468 505 526 471 524 563 590 567 572 555 558 569 518 551 424 401 284 35 
4 53 348 329 438 449 466 483 472 469 508 565 480 523 562 559 568 519 554 557 412 427 392 423 296 
331 310 343 374 347 378 439 452 465 482 473 470 509 560 479 522 515 556 517 520 421 552 413 34 283 
54 5 330 349 342 437 448 379 440 453 464 481 474 461 510 561 478 521 514 553 428 391 422 297 388 
151 332 309 254 373 350 341 436 447 380 441 454 463 444 475 460 511 516 477 420 513 414 389 282 33 
6 55 152 333 308 255 372 351 340 435 446 381 442 455 462 383 476 459 512 429 390 363 298 387 278 
111 150 199 216 253 334 307 256 371 352 339 434 445 382 443 456 431 384 419 458 415 386 279 32 281 
56 7 112 153 200 217 252 335 306 257 370 353 338 433 368 357 418 457 430 385 362 299 364 277 232 
113 110 149 198 215 154 201 218 251 336 305 258 369 354 261 432 367 356 359 416 365 272 233 280 31 
8 57 120 115 148 197 214 155 202 219 250 337 304 259 264 355 358 417 366 271 300 361 276 231 234 
87 114 109 140 121 116 147 196 213 172 203 220 249 262 303 260 265 270 301 360 273 268 239 30 275 
58 9 88 119 108 141 156 171 146 195 212 173 204 221 248 263 302 245 266 269 240 243 274 235 230 
77 86 75 84 139 122 117 142 157 170 145 194 211 174 205 222 247 208 241 244 267 238 229 226 29 
10 59 78 89 118 107 138 123 102 143 158 169 132 193 210 175 206 223 246 183 242 225 236 181 228 
67 76 85 74 83 90 99 106 137 124 101 144 159 168 131 192 209 176 207 224 237 182 227 28 187 
60 11 68 79 64 73 82 91 100 103 136 125 94 133 160 167 128 191 164 177 184 189 186 25 180 
69 66 13 62 71 80 15 98 105 92 17 96 135 126 19 130 161 166 21 190 163 178 23 188 27 
12 61 70 65 14 63 72 81 16 97 104 93 18 95 134 127 20 129 162 165 22 185 26 179 24 
